# Name=gene-SYNPCC7002_RS09355
# pos	aa	label	Other	Sec/SPI n	Sec/SPI h	Sec/SPI c	Sec/SPII n	Sec/SPII h	Sec/SPII cys	Tat/SPI n	Tat/SPI RR	Tat/SPI h	Tat/SPI c	Tat/SPII n	Tat/SPII RR	Tat/SPII h	Tat/SPII cys	Sec/SPIII P	Sec/SPIII cons.	Sec/SPIII h
1	S	O	0.969954	0.028751	0.000000	0.000000	0.001271	0.000000	0.000000	0.000001	0.000000	0.000000	0.000000	0.000002	0.000000	0.000000	0.000000	0.000019	0.000000	0.000000
2	A	O	0.969956	0.027285	0.001467	0.000000	0.001122	0.000150	0.000000	0.000001	0.000000	0.000000	0.000000	0.000001	0.000000	0.000000	0.000000	0.000016	0.000002	0.000000
3	N	O	0.969956	0.026537	0.001969	0.000245	0.001020	0.000252	0.000000	0.000001	0.000000	0.000000	0.000000	0.000001	0.000000	0.000000	0.000000	0.000014	0.000003	0.000002
4	V	O	0.969977	0.025942	0.002214	0.000576	0.000930	0.000326	0.000016	0.000001	0.000000	0.000000	0.000000	0.000001	0.000000	0.000000	0.000000	0.000013	0.000003	0.000002
5	R	O	0.970049	0.025584	0.002077	0.001019	0.000863	0.000365	0.000027	0.000001	0.000000	0.000000	0.000000	0.000001	0.000000	0.000000	0.000000	0.000011	0.000002	0.000002
6	R	O	0.970187	0.025295	0.001885	0.001392	0.000798	0.000389	0.000041	0.000001	0.000000	0.000000	0.000000	0.000001	0.000000	0.000000	0.000000	0.000010	0.000002	0.000002
7	K	O	0.970404	0.025024	0.001752	0.001619	0.000729	0.000417	0.000042	0.000001	0.000000	0.000000	0.000000	0.000001	0.000000	0.000000	0.000000	0.000009	0.000002	0.000002
8	R	O	0.970684	0.024760	0.001663	0.001737	0.000646	0.000453	0.000046	0.000001	0.000000	0.000000	0.000000	0.000001	0.000000	0.000000	0.000000	0.000008	0.000002	0.000001
9	A	O	0.971055	0.024429	0.001750	0.001657	0.000543	0.000523	0.000033	0.000001	0.000000	0.000000	0.000000	0.000001	0.000000	0.000000	0.000000	0.000007	0.000001	0.000001
10	A	O	0.971501	0.024120	0.001860	0.001444	0.000452	0.000592	0.000022	0.000001	0.000000	0.000000	0.000000	0.000001	0.000000	0.000000	0.000000	0.000006	0.000001	0.000001
11	N	O	0.971849	0.023832	0.001932	0.001334	0.000370	0.000652	0.000022	0.000001	0.000000	0.000000	0.000000	0.000001	0.000000	0.000000	0.000000	0.000006	0.000001	0.000001
12	W	O	0.972201	0.023536	0.002046	0.001188	0.000287	0.000712	0.000024	0.000001	0.000000	0.000000	0.000000	0.000001	0.000000	0.000000	0.000000	0.000005	0.000002	0.000001
13	N	O	0.972483	0.023290	0.002073	0.001150	0.000220	0.000754	0.000025	0.000001	0.000000	0.000000	0.000000	0.000001	0.000000	0.000000	0.000000	0.000004	0.000001	0.000001
14	A	O	0.972804	0.023038	0.002156	0.001024	0.000167	0.000777	0.000030	0.000001	0.000000	0.000000	0.000000	0.000001	0.000000	0.000000	0.000000	0.000003	0.000001	0.000001
15	G	O	0.973085	0.022822	0.002190	0.000954	0.000129	0.000780	0.000036	0.000001	0.000000	0.000000	0.000000	0.000001	0.000000	0.000000	0.000000	0.000002	0.000001	0.000001
16	A	O	0.973394	0.022609	0.002255	0.000833	0.000102	0.000757	0.000050	0.000001	0.000000	0.000000	0.000000	0.000001	0.000000	0.000000	0.000000	0.000002	0.000001	0.000001
17	V	O	0.973677	0.022434	0.002272	0.000757	0.000089	0.000720	0.000049	0.000001	0.000000	0.000000	0.000000	0.000001	0.000000	0.000000	0.000000	0.000001	0.000001	0.000001
18	G	O	0.973887	0.022271	0.002246	0.000786	0.000082	0.000613	0.000115	0.000001	0.000000	0.000000	0.000000	0.000001	0.000000	0.000000	0.000000	0.000001	0.000001	0.000001
19	C	O	0.974200	0.022068	0.002324	0.000713	0.000074	0.000374	0.000247	0.000001	0.000000	0.000000	0.000000	0.000001	0.000000	0.000000	0.000000	0.000001	0.000000	0.000001
20	V	O	0.974630	0.021818	0.002459	0.000644	0.000068	0.000312	0.000068	0.000001	0.000000	0.000000	0.000000	0.000001	0.000000	0.000000	0.000000	0.000001	0.000000	0.000000
21	A	O	0.974830	0.021586	0.002545	0.000660	0.000063	0.000265	0.000053	0.000001	0.000000	0.000000	0.000000	0.000001	0.000000	0.000000	0.000000	0.000001	0.000000	0.000000
22	M	O	0.975046	0.021318	0.002703	0.000607	0.000059	0.000222	0.000047	0.000001	0.000000	0.000000	0.000000	0.000001	0.000000	0.000000	0.000000	0.000001	0.000000	0.000000
23	G	O	0.975243	0.020959	0.002976	0.000541	0.000055	0.000200	0.000027	0.000001	0.000000	0.000000	0.000000	0.000001	0.000000	0.000000	0.000000	0.000000	0.000000	0.000000
24	R	O	0.975417	0.020377	0.003501	0.000452	0.000051	0.000179	0.000026	0.000001	0.000000	0.000000	0.000000	0.000001	0.000000	0.000000	0.000000	0.000000	0.000000	0.000000
25	T	O	0.975545	0.019443	0.004384	0.000395	0.000045	0.000172	0.000013	0.000001	0.000000	0.000000	0.000000	0.000001	0.000000	0.000000	0.000000	0.000000	0.000000	0.000000
26	V	O	0.975656	0.018231	0.005549	0.000347	0.000039	0.000168	0.000011	0.000001	0.000000	0.000000	0.000000	0.000001	0.000000	0.000000	0.000000	0.000000	0.000000	0.000000
27	G	O	0.975761	0.016779	0.006961	0.000292	0.000033	0.000168	0.000007	0.000001	0.000000	0.000000	0.000000	0.000001	0.000000	0.000000	0.000000	0.000000	0.000000	0.000000
28	R	O	0.975869	0.014770	0.008943	0.000217	0.000028	0.000170	0.000005	0.000001	0.000000	0.000000	0.000000	0.000001	0.000000	0.000000	0.000000	0.000000	0.000000	0.000000
29	R	O	0.975953	0.011414	0.012282	0.000152	0.000021	0.000176	0.000004	0.000001	0.000000	0.000000	0.000000	0.000001	0.000000	0.000000	0.000000	0.000000	0.000000	0.000000
30	L	O	0.976026	0.005478	0.018208	0.000094	0.000011	0.000186	0.000003	0.000000	0.000000	0.000001	0.000000	0.000000	0.000000	0.000001	0.000000	0.000000	0.000000	0.000000
31	I	O	0.976067	0.001908	0.021762	0.000069	0.000005	0.000191	0.000003	0.000000	0.000000	0.000001	0.000000	0.000000	0.000000	0.000001	0.000000	0.000000	0.000000	0.000000
32	L	O	0.976094	0.000679	0.022959	0.000072	0.000003	0.000192	0.000003	0.000000	0.000000	0.000001	0.000000	0.000000	0.000000	0.000001	0.000000	0.000000	0.000000	0.000000
33	L	O	0.976119	0.000273	0.023301	0.000113	0.000002	0.000190	0.000004	0.000000	0.000000	0.000001	0.000000	0.000000	0.000000	0.000001	0.000000	0.000000	0.000000	0.000000
34	F	O	0.976146	0.000141	0.023292	0.000224	0.000002	0.000184	0.000008	0.000000	0.000000	0.000001	0.000000	0.000000	0.000000	0.000001	0.000000	0.000000	0.000000	0.000000
35	G	O	0.976195	0.000086	0.023058	0.000468	0.000003	0.000175	0.000011	0.000000	0.000000	0.000001	0.000000	0.000000	0.000000	0.000001	0.000000	0.000000	0.000000	0.000000
36	G	O	0.976287	0.000048	0.022743	0.000737	0.000003	0.000161	0.000017	0.000000	0.000000	0.000001	0.000000	0.000000	0.000000	0.000001	0.000000	0.000000	0.000000	0.000000
37	L	O	0.976417	0.000025	0.022266	0.001120	0.000002	0.000150	0.000013	0.000000	0.000000	0.000001	0.000000	0.000000	0.000000	0.000001	0.000000	0.000000	0.000000	0.000000
38	N	O	0.976520	0.000015	0.021022	0.002280	0.000002	0.000142	0.000011	0.000000	0.000000	0.000001	0.000000	0.000000	0.000000	0.000001	0.000000	0.000000	0.000000	0.000000
39	L	O	0.976752	0.000008	0.019861	0.003222	0.000002	0.000133	0.000011	0.000000	0.000000	0.000001	0.000000	0.000000	0.000000	0.000001	0.000000	0.000000	0.000000	0.000000
40	M	O	0.976984	0.000005	0.017706	0.005158	0.000001	0.000119	0.000017	0.000000	0.000000	0.000002	0.000000	0.000000	0.000000	0.000001	0.000000	0.000000	0.000000	0.000000
41	A	O	0.977308	0.000003	0.014889	0.007670	0.000001	0.000101	0.000021	0.000000	0.000000	0.000001	0.000000	0.000000	0.000000	0.000001	0.000000	0.000000	0.000000	0.000000
42	L	O	0.978113	0.000001	0.012387	0.009388	0.000001	0.000074	0.000028	0.000000	0.000000	0.000001	0.000001	0.000000	0.000000	0.000001	0.000000	0.000000	0.000001	0.000000
43	T	O	0.978705	0.000001	0.007701	0.013508	0.000000	0.000047	0.000028	0.000000	0.000000	0.000001	0.000001	0.000000	0.000000	0.000000	0.000000	0.000000	0.000000	0.000001
44	L	O	0.980042	0.000000	0.004927	0.014972	0.000000	0.000025	0.000023	0.000000	0.000000	0.000001	0.000001	0.000000	0.000000	0.000000	0.000000	0.000000	0.000000	0.000001
45	Q	O	0.981430	0.000000	0.002032	0.016503	0.000000	0.000015	0.000011	0.000000	0.000000	0.000001	0.000002	0.000000	0.000000	0.000000	0.000000	0.000000	0.000000	0.000000
46	D	O	0.983417	0.000000	0.000807	0.015750	0.000000	0.000008	0.000008	0.000000	0.000000	0.000000	0.000002	0.000000	0.000000	0.000000	0.000000	0.000000	0.000000	0.000000
47	F	O	0.986127	0.000000	0.000317	0.013540	0.000000	0.000004	0.000005	0.000000	0.000000	0.000000	0.000001	0.000000	0.000000	0.000000	0.000000	0.000001	0.000000	0.000000
48	G	O	0.989324	0.000000	0.000112	0.010549	0.000000	0.000003	0.000003	0.000000	0.000000	0.000000	0.000001	0.000000	0.000000	0.000000	0.000000	0.000001	0.000000	0.000000
49	G	O	0.993431	0.000000	0.000057	0.006498	0.000001	0.000002	0.000002	0.000000	0.000000	0.000000	0.000001	0.000000	0.000000	0.000000	0.000000	0.000001	0.000000	0.000000
50	Q	O	0.996176	0.000000	0.000034	0.003779	0.000001	0.000002	0.000002	0.000000	0.000000	0.000000	0.000001	0.000000	0.000000	0.000000	0.000000	0.000001	0.000000	0.000000
51	F	O	0.997766	0.000000	0.000020	0.002202	0.000001	0.000002	0.000001	0.000000	0.000000	0.000000	0.000001	0.000000	0.000000	0.000000	0.000000	0.000001	0.000000	0.000001
52	S	O	0.998664	0.000000	0.000012	0.001311	0.000001	0.000002	0.000002	0.000001	0.000000	0.000000	0.000001	0.000000	0.000000	0.000000	0.000000	0.000002	0.000001	0.000001
53	P	O	0.999193	0.000000	0.000008	0.000782	0.000002	0.000002	0.000002	0.000001	0.000000	0.000001	0.000001	0.000000	0.000000	0.000000	0.000000	0.000002	0.000001	0.000001
54	S	O	0.999504	0.000000	0.000005	0.000472	0.000002	0.000003	0.000002	0.000001	0.000000	0.000001	0.000001	0.000000	0.000000	0.000000	0.000000	0.000003	0.000001	0.000001
55	T	O	0.999688	0.000000	0.000003	0.000285	0.000003	0.000004	0.000003	0.000002	0.000000	0.000001	0.000001	0.000000	0.000000	0.000000	0.000000	0.000004	0.000002	0.000002
56	I	O	0.999787	0.000000	0.000002	0.000180	0.000003	0.000006	0.000004	0.000003	0.000000	0.000002	0.000002	0.000000	0.000000	0.000000	0.000000	0.000005	0.000002	0.000002
57	T	O	0.999840	0.000000	0.000001	0.000119	0.000004	0.000007	0.000005	0.000004	0.000001	0.000003	0.000003	0.000000	0.000000	0.000000	0.000001	0.000006	0.000003	0.000003
58	F	O	0.999869	0.000000	0.000001	0.000078	0.000005	0.000009	0.000006	0.000006	0.000001	0.000004	0.000004	0.000000	0.000000	0.000001	0.000001	0.000008	0.000004	0.000004
59	N	O	0.999880	0.000000	0.000001	0.000050	0.000006	0.000011	0.000008	0.000008	0.000001	0.000005	0.000006	0.000000	0.000000	0.000001	0.000001	0.000011	0.000005	0.000005
60	I	O	0.999884	0.000000	0.000000	0.000031	0.000006	0.000013	0.000009	0.000011	0.000001	0.000008	0.000008	0.000000	0.000000	0.000001	0.000002	0.000013	0.000007	0.000006
61	A	O	0.999871	0.000000	0.000000	0.000020	0.000007	0.000015	0.000010	0.000015	0.000002	0.000011	0.000012	0.000001	0.000000	0.000002	0.000002	0.000016	0.000008	0.000009
62	D	O	0.999846	0.000000	0.000000	0.000013	0.000008	0.000017	0.000014	0.000020	0.000002	0.000015	0.000017	0.000001	0.000000	0.000002	0.000003	0.000020	0.000010	0.000011
63	L	O	0.999814	0.000000	0.000000	0.000008	0.000008	0.000020	0.000015	0.000024	0.000003	0.000022	0.000024	0.000001	0.000000	0.000003	0.000005	0.000023	0.000013	0.000014
64	N	O	0.999767	0.000000	0.000000	0.000005	0.000007	0.000024	0.000018	0.000030	0.000003	0.000031	0.000038	0.000001	0.000000	0.000004	0.000007	0.000028	0.000016	0.000018
65	A	O	0.999717	0.000000	0.000000	0.000003	0.000006	0.000027	0.000022	0.000033	0.000003	0.000042	0.000054	0.000001	0.000000	0.000006	0.000010	0.000031	0.000021	0.000023
66	K	O	0.999660	0.000000	0.000000	0.000002	0.000004	0.000028	0.000028	0.000031	0.000002	0.000054	0.000081	0.000001	0.000000	0.000008	0.000013	0.000030	0.000026	0.000031
67	L	O	0.999612	0.000000	0.000000	0.000001	0.000000	0.000028	0.000035	0.000020	0.000000	0.000066	0.000114	0.000000	0.000000	0.000010	0.000021	0.000019	0.000035	0.000039
68	E	O	0.999586	0.000000	0.000000	0.000000	0.000000	0.000021	0.000040	0.000000	0.000000	0.000056	0.000167	0.000000	0.000000	0.000011	0.000029	0.000000	0.000035	0.000053
69	A	O	0.999585	0.000000	0.000000	0.000000	0.000000	0.000000	0.000062	0.000000	0.000000	0.000000	0.000222	0.000000	0.000000	0.000000	0.000060	0.000000	0.000000	0.000071
70	A	O	1.000000	0.000000	0.000000	0.000000	0.000000	0.000000	0.000000	0.000000	0.000000	0.000000	0.000000	0.000000	0.000000	0.000000	0.000000	0.000000	0.000000	0.000000
